16 15 5
000000000000000010000000000001100000000000000001010000000000010000000000000000110000001110010
0000000000000000010000001010000
00000000000000000100000010100000000000000000000010000001010000
0000000000000000001000000000000
00000000000000000001101100000000000000000000000000100010000000
00000000000000000001000100000000000000000000000000100000000000
0000000000000000000001000000000
00000000000000000000011000000000000000000000000000001000000000
0000000000000000000000000001110
0000000000000000000000000001100
1110000000000000000000000000000
0011110000000000000000000000000
0100001000000000000000000000000
0000000111100000000000000000000
0000000100000000000000000000000
0000000000011100000000000000000
0000000100001000000000000000000
0000000111000000000000000000000
0011110000000000000000000000000
0010000000000000000000000000000
0011110000000000000000000000000
0000000000000011000000000000000
0000000000000011000000000000000
1010000000000010000000000000000
1100000000000000000000000000000