43 12
0000000000000000000000000000000000000000000111011110001
0000000000000000000000000000000000000000000100000000000
0000000000000000000000000000000000000000000100000000000
0000000000000000000000000000000000000000000100000000000
0000000000000000000000000000000000000000000100000000000
0000000000000000000000000000000000000000000100000000000
0000000000000000000000000000000000000000000100000000000
0000000000000000000000000000000000000000000100000000000
0000000000000000000000000000000000000000000100000000000
0000000000000000000000000000000000000000000011110110000
0000000000000000000000000000000000000000000011110110000
0000000000000000000000000000000000000000000011110110000
0000000000000000000000000000000000000000000011110110000
0000000000000000000000000000000000000000000010110010000
0000000000000000000000000000000000000000000010110010000
0000000000000000000000000000000000000000000010110010000
0000000000000000000000000000000000000000000000100000000
0000000000000000000000000000000000000000000000100000000
0000000000000000000000000000000000000000000000100000000
0000000000000000000000000000000000000000000000100000000
0000000000000000000000000000000000000000000000100000000
0000000000000000000000000000000000000000000000001000000
0000000000000000000000000000000000000000000000001000000
0000000000000000000000000000000000000000000000001000000
0000000000000000000000000000000000000000000000001000000
0000000000000000000000000000000000000000000000001000000
0000000000000000000000000000000000000000000000001000000
0000000000000000000000000000000000000000000000001000000
0000000000000000000000000000000000000000000000000001011
0000000000000000000000000000000000000000000000000001011
0000000000000000000000000000000000000000000000000001000
0000000000000000000000000000000000000000000000000001011
0000000000000000000000000000000000000000000000000001011
0000000000000000000000000000000000000000000000000001011
0000000000000000000000000000000000000000000000000001011
0000000000000000000000000000000000000000000000000001011
0000000000000000000000000000000000000000000000000001011
0000000000000000000000000000000000000000000000000000111
0000000000000000000000000000000000000000000000000000111
0000000000000000000000000000000000000000000000000000111
0000000000000000000000000000000000000000000000000000111
0000000000000000000000000000000000000000000000000000111
0000000000000000000000000000000000000000000000000000111
1000000000000000000000000000110111111111111000000000000
0000000000000000000000000000110111111111111000000000000
0000000000000000000000000000000000000111111000000000000
0000000000000000000000000000111111111000000000000000000
1000000001111111000000000000000000000000000000000000000
1000000001111000000000000000000000000000000000000000000
1000000000000000000001111111000000000000000000000000000
1000000001111111000000000000000000000000000000000000000
0000000001111111111110000000000000000000000000000000000
1000000001111000000000000000000000000000000000000000000
1000000001111111000000000000000000000000000000000000000
1111111110000000000000000000000000000000000000000000000
