62 29
0000000000000000000000000000000000000000000000000000000000000011010110110000110000000000000
0000000000000000000000000000000000000000000000000000000000000010000000000000100000000000000
0000000000000000000000000000000000000000000000000000000000000010000000000000100000000000001
0000000000000000000000000000000000000000000000000000000000000001111000000000001000000000000
0000000000000000000000000000000000000000000000000000000000000001111000000000001000000000000
0000000000000000000000000000000000000000000000000000000000000000000100000000010000000000000
0000000000000000000000000000000000000000000000000000000000000000000110000000010000011000000
0000000000000000000000000000000000000000000000000000000000000000000100110000010000000000000
0000000000000000000000000000000000000000000000000000000000000000000010001000100000000001110
0000000000000000000000000000000000000000000000000000000000000000000001000000000000000000000
0000000000000000000000000000000000000000000000000000000000000000000001000000000000000000000
0000000000000000000000000000000000000000000000000000000000000000000001000000000000000000000
0000000000000000000000000000000000000000000000000000000000000000000001000000000000000000000
0000000000000000000000000000000000000000000000000000000000000000000001000000000000000000000
0000000000000000000000000000000000000000000000000000000000000000000001000000000000000000000
0000000000000000000000000000000000000000000000000000000000000000000000110000000000000000000
0000000000000000000000000000000000000000000000000000000000000000000000110000000000000000000
0000000000000000000000000000000000000000000000000000000000000000000000110000000000000000000
0000000000000000000000000000000000000000000000000000000000000000000000110000000000000000000
0000000000000000000000000000000000000000000000000000000000000000000000001000000000000001100
0000000000000000000000000000000000000000000000000000000000000000000000001000000000000000000
0000000000000000000000000000000000000000000000000000000000000000000000001000000000000001000
0000000000000000000000000000000000000000000000000000000000000000000000001000000000000001110
0000000000000000000000000000000000000000000000000000000000000000000000001000000000000001100
0000000000000000000000000000000000000000000000000000000000000000000000000100000000000000011
0000000000000000000000000000000000000000000000000000000000000000000000000100000000000000111
0000000000000000000000000000000000000000000000000000000000000000000000000100000000000000001
0000000000000000000000000000000000000000000000000000000000000000000000000100000000000000011
0000000000000000000000000000000000000000000000000000000000000000000000000100000000000000011
0000000000000000000000000000000000000000000000000000000000000000000000000100000000000000000
0000000000000000000000000000000000000000000000000000000000000000000000000100000000000000010
0000000000000000000000000000000000000000000000000000000000000000000000000100000000000000011
0000000000000000000000000000000000000000000000000000000000000000000000000011000000000110000
0000000000000000000000000000000000000000000000000000000000000000000000000010000000000110000
0000000000000000000000000000000000000000000000000000000000000000000000000010000000000110000
0000000000000000000000000000000000000000000000000000000000000000000000000001000111000000000
0000000000000000000000000000000000000000000000000000000000000000000000000001000000000000000
0000000000000000000000000000000000000000000000000000000000000000000000000001000000000000000
0000000000000000000000000000000000000000000000000000000000000000000000000000100000000000000
0000000000000000000000000000000000000000000000000000000000000000000000000000000110000000000
0000000000000000000000000000000000000000000000000000000000000000000000000000000110000000000
0000000000000000000000000000000000000000000000000000000000000000000000000000000110000000000
0000000000000000000000000000000000000000000000000000000000000000000000000000000110000000000
0000000000000000000000000000000000000000000000000000000000000000000000000000000110000000000
0000000000000000000000000000000000000000000000000000000000000000000000000000000110000000000
0000000000000000000000000000000000000000000000000000000000000000000000000000000110000000000
0000000000000000000000000000000000000000000000000000000000000000000000000000000110000000000
0000000000000000000000000000000000000000000000000000000000000000000000000000000110000000000
0000000000000000000000000000000000000000000000000000000000000000000000000000000110000000000
0000000000000000000000000000000000000000000000000000000000000000000000000000000110000000000
0000000000000000000000000000000000000000000000000000000000000000000000000000000001000000000
0000000000000000000000000000000000000000000000000000000000000000000000000000000001000000000
0000000000000000000000000000000000000000000000000000000000000000000000000000000001000000000
0000000000000000000000000000000000000000000000000000000000000000000000000000000001000000000
0000000000000000000000000000000000000000000000000000000000000000000000000000000001000000000
0000000000000000000000000000000000000000000000000000000000000000000000000000000000100000000
0000000000000000000000000000000000000000000000000000000000000000000000000000000000100000000
0000000000000000000000000000000000000000000000000000000000000000000000000000000000100000000
0000000000000000000000000000000000000000000000000000000000000000000000000000000000100000000
0000000000000000000000000000000000000000000000000000000000000000000000000000000000011100000
0000000000000000000000000000000000000000000000000000000000000000000000000000000000011000000
0000000000000000000000000000000000000000000000000000000000000000000000000000000000011000000
0010000000000000000000001111100100000000000000000000000000000000000000000000000000000000000
0000000010000000000000101101101100000000000000000000000000000000000000000000000000000000000
0000000010000000000100110100000000000000000000000000000000000000000000000000000000000000000
0000000010000000000101110000000000000000000000000000000000000000000000000000000000000000000
0000000000000000000000000000000011100000000000000000000000000000000000000000000000000000000
0000000000000000000000000000000011100000000000000000000000010000000000000000000000000000000
0000001000000000000000000000000000000000000000000000000000011100000000000000000000000000000
0000001000000000000000000000000000000000000000000000000000011100000000000000000000000000000
0000000000000000000000000000000000000000000000000000000111100000000000000000000000000000000
0000000000000000000000000000000000010000000000000011111000000000000000000000000000000000000
0000000000000000000000000000000000010001111111111100000000000000000000000000000000000000000
0000000000000000000000000000000000010001111111111100000000000000000000000000000000000000000
0001100000000000000000000000000000000000000000000000000000000000000000000000000000000000000
1000011100000000000000000000000000000000000000000000000000000000000000000000000000000000000
1110000010000000000000000000000000000010000000000000000000000000000000000000000000000000000
0000000000000000000000000000000010011100000000000000000000000000000000000000000000000000000
0000000000000000000000000000000011100000000000000000000000000000000000000000000000000000000
0000000000000000000000001111111100000000000000000000000000000000000000000000000000000000000
0000000010000000000111110000000000000000000000000000000000000000000000000000000000000000000
1000000100000001111000000000000000000000000000000000000000000000000000000000000000000000000
1000000100000001111000000000000000000000000000000000000000000000000000000000000000000000000
0000000001111110000000000000000000000000000000000000000000000000000000000000000000000000000
1000001010000000000000000000000000000000000000000000000000000000000000000000000000000000000
1000011100000000000000000000000000000000000000000000000000000000000000000000000000000000000
0001100000000000000000000000000000000000000000000000000000000000000000000000000000000000000
1001100000000000000000000000000000000000000000000000000000000000000000000000000000000000000
0001100000000000000000000000000000000000000000000000000000000000000000000000000000000000000
1001100000000000000000000000000000000000000000000000000000000000000000000000000000000000000
1110000000000000000000000000000000000000000000000000000000000000000000000000000000000000000
